MAE = 0.09109491785400918
mu_0 = [[0.48249575],[0.4864399 ]]
mu_1 = [[0.44080734],[0.43871359]]
sigma_0 =[[0.064484  , 0.0369168],
       [0.0369168 , 0.06623457]] 
sigma_1 = [[0.04307832, 0.03535405],
       [0.03535405, 0.0424875 ]]
pi_1 = 0.171349288935137
pi_0 = 0.828650711064863
