K[47:52, 47:52] =
[[1.00000000e+00 5.05310080e-25 6.06536602e-20 4.65474122e-29
  4.06890793e-17]
 [5.05310080e-25 1.00000000e+00 3.95931666e-13 2.69357110e-33
  5.38775392e-12]
 [6.06536602e-20 3.95931666e-13 1.00000000e+00 2.30352619e-65
  3.78419625e-34]
 [4.65474122e-29 2.69357110e-33 2.30352619e-65 1.00000000e+00
  2.16278503e-06]
 [4.06890793e-17 5.38775392e-12 3.78419625e-34 2.16278503e-06
  1.00000000e+00]]

w_alp[:2] 
[[-0.52323882]
 [-0.60297918]]
